828
1308
1211
794
2012
621
1342
1473
2311
2545
1331
1099
621
163
916
621
337
646
2091
1656
2188
621
1445
1987
2076
842
2268
496
403
2540
805
1026
1987
1151
2518
1888
1445
2191
646
2421
1394
1316
828
1308
1211
621
1342
1473
470
1888
1545
621
404
2126
2313
327
1846
646
731
1394
1
2397
1492
2540
1512
828
561
2344
1672
2540
2397
1847
1987
84
731
1897
1573
828
731
1394
786
2540
1652
1492
2540
1512
842
1987
2165
1143
621
2464
842
1744
2540
740
1396
1747
1987
1
967
1897
2165
1964
2464
2540
1482
1987
955
2311
2165
1883
84
1925
646
731
1394
2540
1638
2165
1964
2464
2233
831
2540
1747
1987
650
501
722
1342
1911
842
2440
1
2454
725
646
1533
621
630
621
1546
2540
2179
2540
573
170
1331
1099
621
163
2341
621
1355
908
967
1394
1638
2344
544
748
1987
1638
533
1
2268
1703
842
2341
621
1440
1146
529
722
955
1032
842
828
442
621
1342
1454
621
757
621
1445
2336
621
1342
2425
621
95
842
1919
621
735
621
0
170
828
1397
1067
1609
621
1342
1418
828
2091
1888
568
1888
1761
621
2528
1545
621
404
1649
1073
1028
2056
1987
1149
470
2421
1394
1316
828
1308
1211
621
1342
1473
828
561
1709
1148
549
1592
2382
2540
904
1616
2430
2540
1950
1649
1783
2540
2279
1709
1483
612
1396
2540
1005
1747
1360
1860
1294
2540
1915
1888
828
2342
1987
1085
2210
1662
459
1342
1655
1528
1084
1440
561
2518
1888
1445
646
1656
496
1888
568
842
828
731
1394
2165
1209
1355
754
1987
1342
1904
2419
1888
1649
1028
2247
1342
1286
621
1445
1395
773
1073
36
1987
625
1480
612
955
1655
392
1747
2528
842
1342
730
2032
2540
1649
2416
1888
280
1888
1342
561
1888
1709
1164
280
2540
1528
1709
609
1396
2540
1005
1747
1987
2528
1662
1342
1821
1987
2536
1860
1240
2540
1638
1716
112
1858
1294
828
731
1394
1316
828
1308
1211
621
1342
1473
1987
714
2165
1160
1521
842
2361
973
1657
2054
621
374
1888
2342
2540
942
621
742
170
1987
527
2540
2165
577
678
828
731
723
621
1342
619
708
1655
392
2242
1791
1987
1342
1821
1662
1823
1987
2233
2327
2536
1860
1440
1291
1662
2465
1662
1208
1294
1662
2464
1888
828
1535
371
1831
1342
1286
1987
1208
473
1445
1567
2540
184
649
2540
1501
1300
842
1791
621
420
1546
1492
327
2496
1987
1440
514
1208
1342
561
730
1791
2166
1342
2337
1761
1747
1342
1821
1987
1440
49
2540
1342
1716
2337
1761
1747
1655
337
2540
1342
1716
2337
1761
1747
828
1332
1987
1440
2193
473
2306
1987
2359
1355
2450
1987
1241
621
1164
1294
828
731
1394
816
828
2342
621
1445
732
742
170
1360
2387
84
1656
496
1337
473
828
1703
1987
842
828
1073
2518
1987
2431
2121
327
1840
2540
1052
84
1047
646
621
1331
1099
621
163
1656
916
621
337
621
1445
1987
842
828
2076
1747
2129
2218
1342
730
1286
955
483
828
1703
1662
2387
1026
842
1955
1061
621
459
1888
534
1643
1888
1656
1478
2165
2515
2540
537
1342
730
1286
1888
828
1703
2540
2165
1293
483
1
828
2540
1990
1285
1355
908
1888
828
197
1747
327
2421
1394
621
1445
1987
228
1077
1288
1747
1987
2165
2314
828
1897
1987
1888
327
2525
1241
621
1146
2540
1479
84
1287
1987
228
1291
828
731
1394
1638
1289
828
1925
1632
828
1917
1846
646
1632
892
1501
621
2421
2257
1394
473
828
1703
84
244
1662
1821
1
599
548
1440
1291
1632
1718
114
1747
823
621
1342
730
528
2540
2311
1186
1987
178
2540
1919
828
731
1394
967
531
2540
2312
1888
1445
646
1656
496
2540
963
1196
2540
1638
621
1716
1486
1964
1294
828
731
1925
2540
1917
1846
2540
2272
1883
955
1655
392
2540
1342
192
2311
2540
908
2242
1791
621
329
819
1301
842
1355
1792
505
842
1355
1388
2540
1905
711
1657
2054
2540
1479
1
1445
646
1656
496
2540
1
1717
563
1340
651
1140
2540
588
955
1655
392
2540
1440
842
831
506
1028
842
2440
1
2454
2540
2178
725
646
1533
621
2216
621
1546
2540
2179
2540
573
170
2545
828
2091
1888
1478
646
2091
1656
2188
1331
621
137
84
813
621
274
1499
621
1108
477
621
276
2540
262
2523
621
1342
1962
621
101
2188
621
1355
2513
621
352
595
2540
302
842
1026
646
297
28
2540
1231
1987
1160
2534
993
1
2358
2275
621
1395
459
1923
2302
1298
1
1023
1355
299
224
1507
1355
1987
1888
2268
1640
1638
2165
3
84
2208
2540
1135
646
2538
1191
717
621
2134
1
1452
84
1308
1211
794
2012
621
1342
1473
84
9
646
432
1646
621
2534
993
1
2004
473
828
21
1987
626
1
2303
1133
2280
1360
2039
68
842
2268
1948
1747
1987
1
2268
2259
239
701
621
198
1898
1706
621
829
2540
909
621
1987
2274
159
2493
1355
1667
1987
2165
466
842
1355
369
621
1445
1225
1987
2128
1711
1749
2175
842
828
1334
621
115
1987
509
842
1445
1400
621
2268
1260
2274
478
473
1501
2097
2540
1526
1339
1445
2383
83
1987
1885
1445
1686
1342
1953
621
2534
993
842
1541
297
687
1051
1987
1638
680
1342
541
621
2302
1252
2208
1545
621
404
2126
1938
702
1362
2233
1338
1508
1866
555
1987
2014
1987
967
1394
459
1214
646
882
1075
828
1501
1204
828
1501
1098
2540
1501
768
1987
1957
1275
1819
1638
1191
1863
2545
515
84
1697
621
1623
1987
842
831
327
544
868
2268
2182
2540
228
1987
1864
869
828
968
2540
1463
587
1307
1549
2236
1342
1218
621
2421
1214
2171
247
181
2540
1430
621
1798
2445
2540
1661
1273
621
1718
114
280
459
2004
2165
870
842
2422
356
799
2358
1299
2344
2268
229
2540
799
2360
2399
2123
1160
2268
1153
828
2266
828
1450
182
1342
136
621
1445
345
1342
2203
621
1445
413
828
1610
621
1355
1074
1342
2009
646
954
2260
1131
1761
1747
1987
1355
1613
1501
969
2165
1603
1031
2540
1680
1765
84
1608
1987
1360
444
621
1493
2540
621
508
34
2327
2421
1729
2421
1214
1035
2540
2233
1123
112
2540
828
143
1987
1360
2344
1360
1875
2422
2463
842
1445
1686
1747
1987
1638
2449
2283
1011
178
1355
1341
1888
767
2540
1407
2540
1355
576
1
2283
140
1888
75
2540
796
1819
2545
1987
239
1759
1729
2267
1728
621
794
2012
1638
2007
1325
473
1342
536
646
2429
1632
2278
370
473
1355
1347
842
1445
1686
459
1719
1163
1362
360
1987
1811
1662
770
1355
1011
1987
842
967
1541
1214
2507
2540
1632
906
2268
1760
1632
2268
139
2540
2346
2408
119
842
2408
582
2540
2408
1392
90
459
828
1501
1834
2540
966
842
2408
368
799
906
2188
649
459
828
2091
621
2283
92
2540
2130
1440
1987
472
2165
728
1987
622
621
1541
1489
84
2091
1503
2360
1440
561
2315
937
2540
1160
1392
621
2360
2078
2540
1666
2540
228
1967
631
621
1342
1218
2360
201
1987
2315
1754
2233
2320
1987
2315
332
1888
828
1463
1632
2315
1906
1888
828
280
1987
752
649
2257
2014
618
1571
2540
700
2233
828
1707
621
1938
1632
621
1342
1318
2540
380
621
1445
40
2263
903
2540
836
1987
84
1925
621
1445
1395
2274
1880
1891
2315
2165
631
1987
239
1508
551
111
2382
467
1636
2413
1888
1504
1987
1164
955
1900
1987
2447
1386
1591
2450
2367
1342
1850
1747
921
2540
1591
1342
644
1888
1638
2129
1440
1987
922
2540
963
2422
2287
473
828
1744
647
1342
1850
842
1342
1700
828
440
842
828
301
2540
1342
1487
842
1342
1513
1799
1440
1987
764
897
1
696
2421
139
1549
1127
2540
280
880
828
561
2504
2302
1276
1508
1903
1342
383
2540
1638
858
2545
1360
751
1987
1795
842
828
1938
1987
1148
621
1164
1
1342
1218
621
794
2012
2540
1987
1508
2331
621
2275
1987
1632
2002
1165
1632
1526
2134
1
1452
1355
1190
621
2302
1639
316
1891
459
1999
2528
1987
1638
1508
2328
486
828
1987
760
828
180
1365
1987
1413
2538
566
2449
1987
84
323
621
2307
170
459
1143
1987
810
842
828
2230
646
1691
2140
80
473
2361
1558
170
1
583
473
2422
1385
2169
459
2421
950
82
621
1320
1525
621
970
1853
621
475
2540
1007
621
2358
909
2540
789
2233
41
842
1355
1496
2540
2233
172
842
828
1047
646
1394
459
2481
1987
962
1719
1395
239
2167
1000
2540
1934
2302
1431
621
2194
621
210
621
1842
2540
621
2358
1342
381
621
1046
1987
57
1
1445
1387
2540
2345
1
2283
245
1888
1225
1369
911
2540
835
1974
1987
566
425
1342
781
925
1638
761
2236
1987
2260
2427
2158
2366
2540
1719
788
621
1342
1259
1139
842
971
2421
637
2302
1308
1987
842
2421
2064
1182
1834
2421
844
713
2540
842
1718
1163
2421
2205
559
1987
912
2421
508
2540
2421
2049
1683
1662
1363
621
2360
971
1143
621
357
1541
1394
1891
1632
2330
1987
42
842
828
1495
1632
1987
173
842
828
1047
1632
1526
2165
1987
245
2227
842
828
1747
1878
84
1925
459
1163
2361
1888
1355
1377
646
4
452
842
210
2540
16
842
2539
2540
842
2549
1662
2548
239
1073
1467
828
2426
2540
1839
828
1718
2300
1143
621
357
1541
1394
621
2263
84
1925
1
1440
1526
621
2263
601
245
2167
814
1500
479
1665
608
1662
1869
394
239
2218
2545
1445
1828
1
804
1662
2397
1676
140
2545
2165
1987
1508
1445
614
2540
2298
1987
1638
1375
1263
1445
621
202
1987
2345
1501
1646
842
1655
946
842
1047
2188
2540
139
1549
1945
2545
718
1987
828
2188
794
2012
2165
1991
2198
842
2283
205
842
1342
1473
1186
1987
828
412
656
2004
1360
61
621
2304
545
459
1360
1009
1891
2545
1508
1180
1297
621
2059
1888
1541
1312
2540
1855
1377
2540
1891
1624
2267
1870
2540
1815
621
160
305
245
1987
747
1440
1987
2545
1508
2165
631
2233
834
621
203
1617
1342
2286
2540
830
139
842
1987
1508
1179
268
383
1747
1879
842
831
1342
1987
621
1541
1145
1682
1721
1440
561
1541
139
611
2422
1736
842
1342
1068
2540
771
842
2422
358
621
2102
1508
753
1888
757
1201
1987
67
1508
19
621
685
621
2421
867
842
1987
1191
959
2360
828
1592
2342
1987
1143
1987
1709
494
842
828
561
2220
1709
1191
2334
1888
768
2540
1954
842
2359
2535
26
1819
67
2481
1987
960
2302
1370
621
2204
459
1440
955
828
412
621
1342
2347
459
1987
912
1895
1987
545
621
2302
1856
1569
2540
2302
1003
621
2058
1965
2327
1083
621
2285
2540
11
2421
1307
2302
1456
459
828
2536
2540
2302
1196
1
2114
2540
236
1888
1717
745
1506
1
1342
1026
971
1638
1617
621
1007
621
1152
2236
621
2246
621
1814
2540
1802
621
769
1999
2482
2218
912
2484
1440
1987
750
1974
958
235
2540
2488
459
842
2421
10
2540
402
621
1686
484
2359
2535
745
2540
2060
2359
1355
1011
1987
634
1987
1709
2284
2540
27
1747
642
621
2134
1
1342
1452
646
1608
1342
1218
621
2536
1016
794
2012
1452
2540
951
621
2358
1342
313
157
629
1360
2067
2545
1721
1440
1987
1508
627
621
1987
1564
1796
1427
828
2433
621
1541
2320
2540
2046
1
430
828
350
621
1541
485
1
1440
561
828
753
1440
1919
842
1987
2066
621
1445
2263
903
1662
836
1987
1709
1009
1747
828
1925
2540
1987
2167
621
1822
1137
2540
621
2352
2165
1966
2058
842
1987
2528
1535
2368
111
2382
842
1166
2540
706
1445
1859
271
2540
1876
828
1646
1987
2015
78
84
1913
1331
621
1355
1302
1662
84
839
621
2389
621
2004
2545
2165
1987
1187
1650
1987
1080
1017
1869
2540
566
1638
1440
1189
2219
2540
1240
115
1777
2540
260
1987
1888
719
1709
1596
2540
1611
708
2484
1638
2165
1709
621
804
1492
1891
2541
1987
1709
253
1342
1527
1638
1709
1182
621
538
1342
1487
473
1987
1440
923
842
1440
621
426
842
1355
1496
1445
1395
2540
245
621
799
2136
1355
2194
2540
732
1987
1983
842
2534
1218
1638
1187
1501
2236
1164
621
1486
1987
2469
1
1790
113
2194
1662
1357
1987
2528
2197
621
1520
1662
1
1440
1526
1987
1709
584
1856
2382
828
304
459
2200
1876
2393
621
1390
2540
384
1648
277
1926
2380
1391
2467
240
2540
1448
842
828
1495
426
1
1235
1662
1
2004
1440
753
2218
2394
646
1860
621
1342
1598
47
1448
473
1735
1579
63
1978
1779
1775
2291
2050
2411
2218
621
1342
141
2540
143
1987
757
1476
1987
2165
2328
84
863
889
1448
84
1979
1888
1342
925
781
1987
1440
1859
1164
473
2305
621
597
2540
631
1355
1734
1888
1440
1526
646
1560
757
824
243
738
2524
755
1309
2495
2218
2394
621
1470
1798
46
473
828
992
621
520
994
441
1465
2218
621
1342
1310
621
1445
140
77
955
382
1987
1709
613
2268
777
800
907
1034
1607
1660
138
2322
2218
1079
1653
2258
907
2540
473
973
1358
2540
1719
2298
1709
2324
2239
1888
1129
1987
828
2204
1638
912
621
1854
1231
2540
1949
828
723
621
1238
842
1440
1987
2355
828
1876
172
84
1047
646
1394
2175
1440
1859
1164
708
1486
2218
1644
111
1109
842
2536
1394
1162
1987
2166
828
1109
1116
2540
473
2257
971
1987
1709
550
370
1619
2326
2422
1131
171
1974
1859
1876
828
1109
1116
1662
1117
1073
2421
1044
1
2004
828
1772
620
1503
621
2422
1130
1784
842
828
2441
621
2338
2174
2165
576
842
828
1394
621
1445
2092
842
828
354
1987
2528
1176
1987
2165
917
2390
971
1747
1585
1224
910
842
1377
1248
2540
547
1161
621
1564
459
842
2534
1218
2165
1646
828
2101
2295
2540
2489
1448
473
1716
1014
171
1885
828
2101
2295
1073
228
731
1888
2421
2091
621
1355
947
2344
2268
1618
842
2296
1450
2540
1597
842
828
1491
1671
279
1445
1612
621
1342
1014
427
621
1408
2540
912
1693
1987
2344
1355
208
621
1708
988
2218
2394
621
1346
2545
1709
762
1342
1218
621
326
1987
1342
2165
621
523
2218
621
1606
2027
77
955
828
1664
621
1572
1987
1709
1912
1
1349
1348
2540
1057
599
171
1709
613
1130
553
2218
621
560
1720
1709
891
1
1509
2218
621
853
2540
1195
1227
2344
1
331
2540
2516
1
422
2218
621
353
2437
828
1535
1335
405
1709
1912
1
2218
1560
842
2283
450
2540
1852
1709
613
1546
107
2218
2394
621
144
473
804
1692
1987
2197
621
1342
1371
2379
2373
473
1374
1193
1987
1709
1215
1355
1511
2540
2218
1638
1999
161
1888
2348
997
842
2534
368
2326
1
1060
646
143
621
757
799
2165
416
2360
1440
1987
2528
2540
828
1501
1308
23
1
683
842
2296
1502
842
2077
1638
1187
1501
2236
1987
2528
1932
1645
973
1647
1662
2356
966
1219
842
1342
2534
1987
203
1191
731
2540
639
1
1541
828
359
621
1876
1355
172
2540
41
1987
2545
1709
2529
1
2296
621
1428
1355
1496
2540
621
1102
573
1847
842
828
1047
646
1394
2470
80
1
1342
424
621
1445
245
1987
1445
1719
1395
2345
1987
842
828
2536
1709
1009
828
2060
1987
971
2344
912
1616
1002
1891
1638
1145
621
1164
1716
544
1987
307
2421
1394
1987
1445
43
2361
678
1342
1
1186
1342
2546
459
2528
634
1974
936
1560
5
1873
2528
842
2536
1394
1987
1977
1987
1
1342
429
2165
2449
1342
1527
1888
1342
1854
1628
1987
2528
2332
621
195
651
1638
1282
1619
2540
2022
114
1158
2302
2232
1987
552
1987
621
2361
1709
1145
194
842
1342
2232
2540
2186
1218
2534
2540
566
1638
2240
621
1716
544
1888
1440
1526
2212
198
1354
380
621
245
1
612
621
1295
246
84
1394
2540
1501
1987
1638
1158
2004
2165
1883
1
252
2218
1445
2173
1662
1638
1445
2173
1638
2544
1619
842
833
568
1501
1987
2218
280
330
842
1342
576
967
2536
1394
1638
2344
1628
621
1635
544
621
200
1987
2528
634
1987
1360
1007
1891
2360
828
912
2422
1319
512
1445
1395
621
314
621
2004
1661
2165
39
210
1632
753
1619
2152
266
1632
99
409
1632
328
622
621
1342
576
621
2283
1000
772
1355
1981
621
1342
2484
1632
1355
1668
621
1342
232
1632
1360
2260
621
1283
1355
1511
1107
1632
1342
487
621
1445
209
621
2004
2165
2241
1342
2085
1632
2344
1747
1987
1899
1
1636
1540
1440
1249
473
1440
784
1987
912
2421
1105
621
1539
621
2004
1638
2165
1143
621
2494
1634
559
882
2257
2344
1987
196
621
1342
1277
842
1440
1987
1076
919
1987
568
831
1076
1501
1816
2306
1514
2200
1440
1987
2165
920
2540
1974
955
2534
925
1638
1550
1
1501
1987
1
692
1342
246
2540
322
1987
842
828
1608
2540
842
828
2538
2345
1445
1395
621
314
1638
1187
1747
1987
162
1522
2194
621
1046
497
621
1342
781
925
999
621
1869
1695
621
2087
1548
621
2158
2236
1931
1987
1
1342
1418
473
1734
2225
1230
2540
280
445
2139
2534
1694
2540
1817
2265
2540
1038
1837
842
2360
1440
1987
97
2540
1076
1895
2534
1314
610
1
878
2537
474
2233
1317
2540
935
1930
2300
1987
1386
2534
1218
828
1516
2165
1604
1
2102
828
2103
1342
45
828
2232
1638
2165
864
828
768
2165
58
621
1342
1320
828
1136
1638
1342
705
1632
828
1954
644
621
89
842
822
1433
1342
1550
1975
1
658
1342
1490
1463
1089
711
312
1395
7
621
2307
2540
87
621
1593
1501
1987
2218
971
98
1638
1159
96
1856
473
2230
1131
984
927
1440
1987
1541
139
1508
627
2540
621
2296
1486
2165
1292
842
1541
2283
2033
1987
2233
1877
842
776
1355
193
1888
299
2540
621
832
1559
2013
1164
967
1938
842
828
561
2483
1362
2269
1342
766
621
1541
139
1342
298
2478
1542
842
1174
842
2342
2302
1629
2296
495
2540
828
116
2418
842
1174
2302
2234
2540
2302
2233
2090
1342
1218
646
1016
794
2012
621
1342
1473
621
2004
1187
1693
1888
2361
1445
1154
646
778
646
344
621
1575
1987
1073
828
1501
377
844
2540
828
1501
2439
316
1987
621
1593
170
1
955
1761
2165
2515
842
202
511
2545
1638
2007
855
828
2208
1987
2315
1171
842
617
1
490
2302
1639
2540
2302
1233
316
1819
2007
1987
1508
70
828
492
1987
2325
646
1016
2153
1742
2268
932
842
2004
1
1541
1749
2315
805
417
2359
1355
1124
931
1987
842
1342
381
621
1445
1395
2444
621
314
962
949
2540
473
971
757
2315
621
2149
2540
1
1541
1638
1689
2434
84
1394
621
794
2012
621
1342
1473
2428
1342
672
2218
621
1424
1
1445
296
1394
1078
473
1378
1638
2315
760
828
288
1987
1638
1882
280
1445
621
1501
2218
828
1740
1638
2165
2315
575
1888
1324
1
1488
621
1257
2483
621
1488
1
285
238
1638
612
2422
842
828
428
2218
280
2165
449
1355
1453
1888
1583
1987
2260
596
2540
1974
1342
996
874
1987
828
1987
1
297
204
2165
221
298
2259
1360
434
842
274
2408
298
977
2421
204
2034
2315
1677
1987
602
1924
1888
1071
842
828
561
1058
2421
806
1987
912
1659
106
1453
1420
1
2268
2259
1987
1
1710
1022
1342
1065
621
2421
1639
1211
1474
504
1355
248
1
2004
1674
1378
2391
1342
320
608
215
311
1360
1952
621
1562
1987
561
1705
1090
2321
1
1440
843
99
1
1082
621
290
1
812
646
2353
1638
1303
1212
961
842
828
926
1987
566
912
2360
1042
473
2124
1980
2165
898
2218
842
1342
763
2315
1250
1638
760
1565
110
1987
794
126
621
1446
1987
166
828
621
365
1987
2091
1067
842
941
2165
1993
621
1342
1065
1974
84
412
1638
1360
1849
1987
2144
2302
1344
459
828
1631
1331
1356
1156
1357
2051
1638
1508
707
621
73
1632
1508
105
473
1045
1891
2375
1342
285
760
828
1987
884
1342
1360
1638
2421
1738
621
1355
1699
1747
1987
489
1056
1638
2315
1538
842
727
1632
842
2129
2499
81
1987
842
1440
1987
1638
2431
1632
2501
1768
621
1354
912
521
1987
2274
842
351
616
1
1445
1987
1122
1501
2408
1998
1355
389
2257
842
435
298
998
1987
828
1987
1290
1625
605
1
399
1820
62
1987
912
666
2221
621
2500
828
2316
2364
1830
842
1355
1453
1747
2349
84
2451
638
1987
828
1224
621
1333
842
1355
1667
1987
465
2165
2448
473
1832
621
1848
1987
828
1987
2133
1
1452
1743
1747
894
797
917
1
2370
2540
1
1440
131
621
1103
1
794
2012
621
1342
1473
2262
2408
1987
1279
1342
1439
2498
1987
2413
242
2540
679
2247
828
1130
2094
621
1342
1791
1853
621
104
1
1794
2045
2408
1
2004
1445
1686
740
1342
273
621
13
1398
239
2147
2540
129
1342
1841
964
2540
437
2315
756
1342
2347
842
2347
1342
458
2519
2177
621
1987
989
842
2306
84
1526
1987
842
1342
571
938
2283
319
76
828
2120
189
2325
433
2065
621
2439
2408
1774
2200
842
2359
1342
1918
2408
2132
244
84
1608
2424
2540
2257
794
275
621
1138
1
794
2012
621
1342
1473
2262
2115
540
6
2540
751
2540
1206
1501
1987
842
828
1696
316
157
1087
741
1087
2439
1087
223
1546
72
2471
414
1546
694
1190
722
1
1342
1012
1987
990
1087
448
2540
2048
132
1073
846
1747
1541
2360
1109
2540
84
808
842
564
1979
2162
2413
1
1558
1832
1896
1342
1066
2540
2388
646
518
1541
522
1
1342
334
1669
84
981
1501
239
2247
828
581
621
1342
1451
2220
2165
2515
861
1541
2478
2412
1933
902
1681
1130
2012
1342
2189
1701
1
812
646
2354
2262
1681
2004
2414
1202
812
1888
1501
460
2540
1501
2069
1
1552
1977
842
828
2354
2540
2400
2283
1443
473
2408
102
1681
2004
621
2412
688
2540
1393
119
2540
582
60
2540
646
1016
316
1987
1210
2479
1556
112
697
1785
1681
2004
2302
372
2165
913
646
2188
131
459
2408
1210
646
448
1211
794
2012
1987
228
900
1075
2540
1638
901
2540
1075
104
828
2342
1987
1073
2399
2540
1121
1445
1142
2233
915
1101
932
621
131
621
1103
1
2153
1742
932
621
794
2012
2262
2151
2446
1016
1
2004
1066
566
842
828
2395
930
2315
1986
2302
284
2540
580
1440
775
1987
1440
1771
2233
691
112
2541
1342
255
1662
1342
1239
1856
2074
84
157
825
2541
955
842
2429
1342
1419
929
473
1987
50
84
2244
1987
1315
1223
1342
1451
902
1
2408
1336
2540
1
2408
1646
2540
1
2412
108
1265
1322
1987
1584
2408
579
1951
2151
1716
2496
1681
2153
2302
297
1224
1987
1
2257
2408
1656
948
1720
473
308
2315
1160
2088
646
801
1868
895
1
2153
1742
2540
2107
2267
2153
1742
928
646
1475
794
2011
1982
1832
842
1871
1888
2521
1
1440
765
1987
828
2294
2512
2358
2268
2032
621
955
418
842
2422
2084
2174
2222
396
1394
842
1541
1693
780
2218
859
1501
1440
1247
1
2107
2267
2107
828
1013
282
646
1130
257
1888
1776
621
1055
1087
1
1860
621
2421
794
2011
1757
535
1
1440
1056
1501
1888
2422
621
310
1638
2165
1508
914
390
1987
971
2159
1
1359
566
1747
1254
828
2497
84
411
1360
722
1342
1724
1705
1091
1
794
2012
621
1342
1473
2262
2218
1638
906
1746
2301
1360
1185
2334
1987
1746
1958
2199
890
1546
1758
1632
1966
1147
799
2408
2315
1177
1323
2460
1328
2461
1705
2267
2012
1987
1808
1888
165
2497
2062
1494
1678
1
1342
1012
842
2283
122
198
2442
1987
2079
828
1691
1638
1968
2199
2408
1261
1987
967
637
2165
623
1
2412
1933
2540
1
2408
1012
1977
1987
459
2545
1809
828
2214
1501
2204
1185
1549
2218
84
2244
1577
2540
423
1039
791
1987
1238
1649
1409
1264
842
143
473
1463
2273
828
316
646
1027
1
794
2012
621
1342
1473
2262
1
2534
944
1638
1266
1342
1542
1027
948
598
542
1632
1
1342
121
1112
621
2442
1541
1487
1987
2031
1073
785
1617
2540
1597
828
723
1281
705
1342
1570
1987
1508
1679
828
1702
2111
842
2443
644
1888
2482
828
2118
2243
621
431
241
1202
1542
134
1888
1547
2424
2540
2028
2540
242
842
2268
691
828
1941
1305
2319
1541
291
1987
793
2268
2024
1501
2528
1114
2012
1269
2540
433
1888
812
2253
84
1608
991
2540
831
1888
2528
1014
1229
2540
2131
621
2256
1
794
2012
621
1342
1473
2262
1460
2188
2012
1987
2154
2528
2329
828
400
660
1661
2202
621
114
2071
1888
1226
621
1667
2511
2540
2252
2201
2532
1025
1445
1329
1974
2409
690
1145
153
2221
2452
1546
183
1888
1059
386
2540
2026
2540
2218
1342
2531
1406
812
662
512
2528
456
1632
1
2532
586
1601
297
2297
842
2296
699
2533
493
2166
1987
2153
1742
1073
1463
93
1630
828
815
831
2540
2528
1638
132
724
890
258
2540
2107
2262
256
459
960
2107
2302
648
2023
1891
1661
2165
446
2540
2165
2381
256
1974
1987
912
621
1342
391
2540
621
1342
1730
2023
1638
1508
638
1541
142
1632
2421
287
256
150
2188
1987
960
1616
1463
558
1974
2534
1371
621
230
84
142
2420
2023
230
2165
912
621
1342
590
1
1342
1580
2000
2482
1553
844
256
912
1626
133
2023
1638
912
1130
1953
256
1537
960
2023
912
1987
1638
459
256
1995
646
932
2023
1638
912
268
459
1508
1191
621
1996
842
1541
790
2218
828
142
2540
932
1662
1505
2260
2302
2108
459
2107
1918
1761
646
1308
1211
794
2012
621
1342
1473
354
1919
1987
2392
621
1342
480
2540
825
646
1016
1211
794
2012
621
1342
1473
842
2421
1450
621
1342
1473
621
600
1646
1638
2007
38
1638
1143
1592
2342
1987
2520
2421
1211
621
1445
621
1351
842
231
51
179
2106
1053
2540
1096
530
2422
1687
621
109
1501
2432
1987
361
2148
1355
1501
1642
809
2540
1988
1445
2127
1350
1445
2508
111
1739
621
145
1445
792
502
1355
2397
1762
621
2268
1170
828
2082
649
476
2163
621
2457
335
621
2459
1747
1355
1041
473
2283
1741
621
1440
1535
2540
1445
725
621
893
2165
1232
473
2268
2458
621
1440
1501
1050
2331
842
2268
368
2422
130
1987
1766
621
1445
570
2540
2422
2250
1987
1638
1421
1
1445
2454
2540
2421
1589
621
344
2540
1844
1987
228
876
828
2106
459
2362
1342
1857
1070
1342
821
621
1656
1211
473
1445
420
170
904
621
464
2038
2171
621
362
871
621
2118
1130
1455
2540
139
621
1342
388
2006
631
1987
2331
828
2249
621
2010
1662
2003
1987
842
971
1187
112
743
842
1445
245
1987
710
371
918
239
1888
488
2491
2165
638
878
1987
2165
1410
1994
1819
971
1282
1856
1
1656
578
267
1987
842
1342
1621
646
1638
2165
2139
2421
1979
621
1342
2484
912
1974
621
2129
1987
967
2248
1211
1445
2030
1987
956
1675
1987
905
1445
1501
646
167
2165
603
1
1364
1395
621
314
473
2303
65
2540
1141
1987
1691
370
621
2360
1979
828
825
621
1342
388
2540
238
1342
56
621
2268
1170
2540
1425
1
2306
2268
597
2540
667
842
971
1987
2466
1591
1183
621
2347
621
2181
1747
468
1395
621
314
842
1987
1364
2540
228
1437
1
2268
368
2361
569
1961
1146
651
2540
621
2361
1637
1360
1752
2302
280
459
1445
1987
471
828
1016
1033
621
2231
1891
1342
430
621
2268
1944
2540
200
896
2033
2289
1360
1752
621
1818
2540
1501
566
1421
1
1364
202
2075
2540
366
621
661
799
842
1591
1762
1172
924
1342
2032
621
1342
2237
1987
1
1541
2032
2165
1160
621
2296
1486
1541
2032
865
1987
473
2032
1508
1997
621
1342
2534
1037
2540
2300
566
1367
1445
125
413
1987
621
2534
783
782
473
1355
979
1709
1064
2540
1709
1163
1531
646
1532
1987
1530
1342
2534
1133
473
966
2033
1807
828
1853
316
828
1334
2540
715
1888
879
2540
686
828
2196
1987
1638
2165
1440
2135
1632
1355
881
828
1535
210
2218
2083
1747
2257
833
1638
956
1616
280
473
1355
1200
1987
794
275
603
2540
2036
1891
2165
1270
1987
1888
1132
1458
1987
1360
1243
594
1638
643
621
2327
828
2118
2540
2360
828
582
1430
621
408
2540
2185
1819
473
2360
85
842
2268
244
198
18
2268
1394
473
1342
1939
621
199
1296
249
2540
1591
2450
1360
2514
687
621
2364
1342
1850
2540
606
1047
84
1829
621
1342
1376
459
118
2165
1940
2540
2233
807
112
1440
1207
2540
238
2143
473
833
2218
1719
1506
2540
510
1798
1638
2165
1440
972
2417
1591
2450
463
473
828
591
621
2268
1450
1987
904
1224
787
1128
842
2228
2247
561
1148
2219
1514
316
1737
621
1306
1662
131
621
1103
1501
1457
1633
263
646
1535
1963
627
1987
1636
1421
84
316
646
1027
2540
1987
2218
114
2165
1360
1862
462
904
794
1095
1201
621
131
621
1103
1891
2331
1616
29
480
1747
2360
1987
1638
904
316
1518
1632
2302
1438
459
2268
1201
2540
1987
842
1440
621
1342
2435
1638
1360
1255
842
2547
842
2077
828
2165
866
2306
842
2268
1379
1987
2165
1360
1767
1355
1642
1386
621
433
842
433
2540
1445
725
621
2410
842
2410
2540
228
646
1856
803
2540
646
1592
1364
2165
1360
2171
828
395
621
1486
1987
2514
1
1806
828
1334
1432
1342
1018
621
2360
201
1987
1367
842
1445
1395
228
621
854
459
621
1793
270
661
1200
2075
144
2376
2540
772
1284
2540
227
621
2296
1564
842
1342
1272
1987
904
2484
2358
199
1490
621
200
2261
2261
1321
1987
1367
1987
1747
828
1638
1148
1716
1218
1501
415
842
828
1608
627
828
1987
828
410
2125
726
1148
2219
1616
297
316
1819
1987
1638
2331
1987
2482
473
828
316
621
1342
206
944
1987
621
2257
2421
2089
1148
1763
1888
1512
804
1040
2540
671
1111
1514
956
473
278
646
363
1891
842
2116
1148
1599
1
2112
828
851
2438
621
1342
1304
621
1199
566
79
1
177
828
1214
621
1342
2347
890
1445
292
627
1592
280
646
1109
1576
1891
473
2199
621
199
1104
1110
1987
2361
2260
2245
2540
670
828
2257
904
64
2540
280
558
1819
2247
2361
956
280
473
2052
621
1574
2540
1501
566
1360
2453
2146
621
2268
375
2540
2104
569
2371
2540
566
842
117
2105
198
1258
621
1461
1987
904
2360
621
1708
2174
728
2268
1218
739
828
1888
612
2422
1487
621
438
84
2386
621
1094
84
130
1987
2331
2540
238
1
2268
2250
621
145
842
823
2057
2541
2268
1334
2514
1
612
842
828
1501
976
1797
1987
1328
756
1441
842
828
1608
2540
1073
1987
1360
1756
517
2540
1627
228
1747
828
237
621
2268
1231
459
1747
828
2208
621
2268
2073
1167
316
157
2540
1326
1888
2360
828
1608
473
2283
215
2540
318
1
307
1355
250
2540
1
827
842
2360
201
1987
828
1148
1368
1987
1445
317
158
2165
826
693
2360
1105
621
71
2540
1887
842
1670
2540
1788
799
17
436
991
1646
2540
1012
1271
828
1853
2541
524
1888
828
2442
621
2268
291
1888
1440
1526
646
1280
621
2389
2540
228
473
973
2302
69
1798
1435
646
976
1141
1987
842
834
2195
2165
756
1916
1
1876
842
823
1440
1987
682
2540
1440
1919
1987
1220
1073
1401
2423
215
1987
1150
2219
621
2283
281
1987
2363
621
1704
2540
1429
621
1566
1449
2224
1148
1987
957
1976
2540
1688
842
2421
2099
1404
2540
54
1440
1514
1987
1961
1819
2515
1987
2333
2422
1130
1007
2540
904
1987
1638
2333
393
621
848
2236
1578
2232
1501
1
971
2281
2268
1304
1891
621
367
1220
2421
1564
621
1510
393
1987
847
473
828
1578
1169
2422
185
621
393
883
912
2484
1987
1747
1927
2218
904
1081
2540
1862
965
84
2096
621
2422
574
2137
2268
944
2540
1360
756
804
1118
2540
473
828
1919
2540
842
2421
1979
695
1440
1987
1148
1196
842
2422
2180
2540
1638
645
621
1750
1463
1342
1004
473
1987
1342
1148
1196
1778
2540
1888
226
710
1787
1342
2377
1
1164
621
1659
1886
2423
264
621
1213
1888
621
655
621
2296
1486
1987
828
1992
2161
621
2268
1063
2540
2233
2001
1164
1658
995
649
1342
759
2540
2417
1888
393
1049
621
848
1073
1448
1
2482
2268
2106
2540
239
2331
1501
572
1987
2421
2034
2540
1501
2293
1987
828
318
621
1119
1987
2308
1789
987
1712
1088
1360
1756
1987
1632
828
295
621
106
1632
258
828
646
410
473
828
2165
1262
573
725
2165
1360
1770
842
1274
1987
1646
1360
1874
1891
2174
2165
627
828
1
2218
1535
1638
904
2032
1987
318
621
316
2302
1016
2540
2302
300
828
1888
2218
985
2233
1646
491
2540
174
1929
32
621
1486
1987
636
2004
1148
2219
178
1987
1084
621
316
157
2540
1440
1987
904
886
1974
956
1616
1977
842
2032
1987
1594
2268
2188
959
1595
828
2300
828
1646
2540
1360
436
1016
2540
621
982
459
516
1
1342
1658
1697
2540
84
1659
825
1987
2541
1935
2540
228
706
621
1593
1647
1987
1062
289
2540
2021
146
695
2540
2377
1
1164
842
2268
1520
819
1272
84
1047
1360
2514
1
1414
2107
1646
1
2268
1749
124
2265
2540
2226
621
1440
1987
1148
2219
566
1073
2106
178
621
1440
1987
80
904
1987
904
178
2540
1919
621
2361
1445
2108
646
1608
1977
1646
2540
2302
1
2268
1141
1
2268
318
2017
1881
1
2218
1560
2540
842
967
1797
818
1719
1673
725
2540
84
323
2165
2514
1
1414
794
2012
621
799
459
1989
731
2365
1669
1445
245
708
2302
2485
1218
1987
2233
807
2165
624
621
1414
2010
2540
1638
2003
459
1719
2016
631
1819
37
1987
828
2436
131
1638
2257
2165
1148
507
473
1416
131
1
2170
2236
1987
146
828
1646
621
2268
2053
2540
1774
1888
1198
1014
2540
2165
1417
131
621
1103
228
2017
459
297
316
147
84
2290
828
1646
621
1342
2288
2540
1416
794
2012
621
1342
1473
473
1987
1
2268
1749
635
1616
84
2522
2268
1405
2540
1774
2540
1342
1232
473
2364
828
2249
649
1403
1974
2283
215
1196
646
1578
393
1977
1646
1
2268
2106
2540
481
1
2218
1560
2165
756
1
878
1987
1638
1360
1008
1716
544
2236
307
2422
607
621
2004
845
1891
828
316
157
2233
144
904
204
2233
1221
2540
2233
1072
2540
582
2233
119
628
828
1
2218
2218
2545
1888
1470
621
1558
1776
1662
1888
1541
298
2275
1508
860
1888
77
473
111
1109
459
621
1698
1375
34
1
1445
317
158
2540
1360
659
621
2421
860
1662
1360
1764
1888
1561
646
582
1662
1048
1360
2480
2540
1360
2100
1638
2200
280
2327
1
2004
899
1909
2540
1987
890
2540
2165
1217
621
2110
176
1541
811
2189
2540
746
473
2530
1252
2540
2063
2545
2189
2267
828
1109
355
2188
621
1342
1313
1469
1
2004
2462
842
2235
269
828
1328
459
2165
623
86
316
794
2012
621
1342
1473
828
561
1508
1485
1987
1508
1910
176
2534
1528
1747
1987
1342
2534
1133
774
621
1541
1
2268
2297
1681
459
2165
1222
1656
297
316
566
1244
1196
967
769
2540
1501
566
1180
1
2004
612
1646
621
2268
607
2540
1073
1
1440
1987
2165
554
1987
842
2421
1450
401
646
2290
1148
2422
1587
1343
621
1616
297
1749
621
2004
828
2421
2342
164
844
239
2174
2165
884
831
1328
1440
2282
1632
1360
756
379
650
1411
103
1444
2540
1
955
1360
1756
2199
280
615
2352
621
2189
621
2283
1798
2540
306
1646
1987
1638
681
1592
646
2290
2540
1987
2350
2540
2165
850
84
621
1920
2540
1130
2189
2514
1
1415
812
646
2354
1891
904
1622
646
2354
1646
1
2268
1749
1615
2540
1813
2540
2226
459
2361
1445
652
1987
1
828
2540
1
2283
545
1148
1977
354
1267
1987
2392
621
1342
1918
2141
1987
621
2268
2347
1220
828
1308
794
2012
1194
1974
966
1914
1638
2017
74
1501
2342
1
1876
842
823
2268
1797
190
1
833
1342
1007
1987
828
1795
1987
1168
842
828
1608
2268
2310
2174
905
1445
72
1987
1795
692
2409
1987
862
2238
1987
838
2540
14
1987
1515
2540
721
1987
2160
2540
228
2233
612
1761
1
1821
112
621
2268
1314
2540
2233
1987
1620
1360
2510
2422
1472
178
646
723
1987
904
2426
621
1445
333
646
1533
621
1335
2165
217
621
2359
2283
215
2270
2247
2107
1975
2268
1463
469
393
837
2268
51
2369
2268
1351
2540
1888
1342
1971
1006
621
2421
526
2145
84
344
473
1134
508
2540
91
621
2482
473
567
1004
1148
604
1925
1
2268
297
687
1501
187
2165
2515
842
828
344
566
1360
225
2421
1797
2340
2540
2296
1987
1888
1856
1360
1207
642
1342
451
841
2540
1073
1987
1360
2514
1
1342
1520
1987
1638
904
212
316
2540
1987
483
1
1384
621
313
1632
1862
1632
624
2364
215
473
1634
316
2540
1977
1987
1440
1075
1148
621
1436
215
283
459
1651
316
2233
841
842
828
933
1186
1987
1888
2268
939
1342
1100
973
1798
1360
1209
2351
842
2268
1942
1501
1956
1501
2268
1442
1987
1716
2032
112
1943
621
1167
213
316
646
1919
1987
2374
1
1277
621
1719
1593
1987
228
1440
1209
2174
828
1148
1368
842
1445
1395
1987
2296
1360
2333
842
1440
621
1355
215
283
1795
1402
621
1486
842
2335
1450
1987
1440
1086
1501
1987
2421
216
2540
473
971
2165
2008
2540
1946
2268
342
2233
1436
1718
1987
198
1987
2268
318
2002
557
1987
842
201
500
1342
1082
621
1355
250
2543
1974
340
1656
1054
251
1255
1155
499
1535
2540
736
2004
807
2236
1987
842
1445
2473
2343
566
2139
1
1452
1342
2485
1218
621
1558
1017
1197
1987
828
2132
1987
1445
920
1638
1883
566
1426
1
503
955
1541
1918
2142
2302
621
1472
708
1486
187
1148
828
2119
189
2323
1888
1342
1024
621
1342
149
2540
943
2347
1355
802
1192
621
2283
1205
321
2540
187
1445
1804
2540
1835
1731
473
2283
219
1373
1150
2150
473
811
2540
1517
218
1342
2472
621
1342
2117
241
1987
641
1342
284
336
646
397
1497
1888
1355
1972
2540
261
646
1475
1237
1
1445
1581
2165
1582
566
828
1016
316
794
2012
621
1342
1473
641
1355
1674
1851
2270
2247
2268
1016
318
2107
2540
453
1
341
1888
828
180
2540
491
344
621
1575
2540
904
1342
2484
1987
1888
828
339
2540
146
736
733
821
2540
2223
734
198
59
2138
1
1452
1355
1015
1190
1543
749
621
877
842
294
934
842
1498
2540
1838
842
2292
1747
1520
842
1440
1092
1681
2408
2132
852
2005
1987
2168
1
2004
1143
621
2356
828
2199
525
708
1812
1218
2122
1987
1638
2315
1690
621
1541
297
2107
461
991
1549
842
2361
1558
343
2540
364
1448
2526
736
459
2218
2486
1075
844
1681
1920
812
2189
710
385
519
1592
71
1508
1144
1030
842
704
2540
2072
473
828
2098
66
621
1481
1638
1749
176
1342
2534
1037
1845
2189
621
1519
710
2536
2276
519
1987
2304
586
1888
2536
143
1727
473
973
1255
873
1719
772
2361
84
1564
621
1445
1987
2283
1395
1360
1150
875
1278
842
568
1862
2268
1372
473
971
339
2302
703
2540
828
2254
887
2302
191
2540
473
2306
207
1987
1075
268
1
657
1445
2215
2218
115
2414
370
2360
198
723
342
2233
35
544
1987
621
503
1084
621
1440
561
2165
689
1891
2014
2372
1448
1448
473
2004
1164
995
646
2442
621
2268
1081
291
245
1187
1987
729
1987
1342
1918
249
1987
1360
254
1073
1342
646
1973
1353
1719
729
1987
1342
621
1445
1568
621
2505
1819
1440
1987
2545
1191
1863
252
842
967
371
2540
1440
1987
1191
1173
924
842
1445
148
621
1342
1473
912
1987
828
164
2360
198
723
2540
84
168
2268
2106
2540
828
2165
1178
349
2540
1600
621
1181
2540
1987
1554
1
2359
1762
1888
2482
2218
676
111
375
1662
112
1462
621
1773
799
2041
2540
59
1960
2058
2268
1590
1181
2540
1628
2515
1638
1370
646
342
1888
799
1255
2422
2475
1987
1073
459
2218
2506
2422
978
1987
1638
1
1445
1893
2236
1
1445
100
621
2268
2044
1360
849
758
1916
1
341
2540
1425
1
831
1
2342
1987
169
957
20
1
1342
1971
804
1606
1588
709
1987
1413
646
1763
1355
562
1256
1
2217
473
2427
222
1987
842
1342
2475
199
1641
24
1
1164
1330
2540
459
1
1656
251
2360
568
1795
2453
1662
1270
1360
1751
2199
1196
2540
1768
84
1564
621
1440
1987
1148
1368
1448
1987
2515
1342
2475
2165
1360
2070
1987
904
2421
375
473
2283
573
2378
2540
406
621
1447
1841
2233
1010
2268
1969
1380
2540
1228
387
473
2361
202
55
1987
2183
376
2165
1836
1084
1422
1
1342
2475
1987
1
828
1360
1751
375
2540
1
1856
2396
649
720
1355
2095
1
2107
953
1987
111
846
2165
1985
890
1355
120
1
612
2184
473
112
2401
621
1987
1421
316
84
375
1819
459
2515
1987
2165
2309
2540
1987
2107
2165
603
1916
1888
1423
1
1342
315
2165
1425
1
1342
1971
621
1342
2475
2540
2515
1
1355
804
712
1588
1987
118
957
1987
1
828
1360
1755
804
1203
798
1662
804
1126
608
1987
647
621
1342
1971
646
375
2165
957
2255
842
971
2271
20
1987
2421
1892
1987
151
2042
621
2427
2029
2422
1471
621
1970
1987
2233
1810
228
2165
1413
2357
2421
581
1
599
2184
834
2165
2040
2540
84
1311
2165
1360
2070
1
794
2012
1440
1987
682
1987
904
1987
111
846
1168
2184
621
2268
2472
2540
228
473
976
508
1425
1
1342
2475
2540
1
1355
608
1355
562
459
2509
2474
2421
1224
621
199
2275
212
2540
473
1351
2540
51
1429
621
1544
2165
1256
1
888
842
1342
2475
1819
794
2012
443
1888
2268
1246
2268
1544
128
1342
2517
621
1745
2540
674
2268
2171
2540
1872
2118
473
1106
2297
2540
2530
2068
1375
753
1638
1093
1355
2535
1529
1632
2317
662
114
309
1
1342
1697
621
313
1987
1937
1648
2355
1632
234
1001
1
1636
568
1501
1
2302
123
798
459
2535
1908
653
1551
1355
1588
2540
152
473
1445
1686
306
828
2118
1987
1342
1464
2517
1360
857
1501
459
2165
1722
1414
798
544
2302
1075
621
2268
1936
1638
1959
2327
1342
2102
2540
1073
621
1486
1987
794
2012
2514
1
532
2540
1
633
280
1748
1342
1536
842
1355
1036
2540
912
1590
2155
53
1342
2102
1987
621
1383
383
1928
1819
1638
2528
1440
750
1891
1709
48
1632
1586
1463
2297
1987
828
1549
1648
912
621
84
1987
621
2213
828
1372
1638
880
621
1355
2190
2540
828
1463
2299
621
1656
316
44
842
832
1342
2102
2540
842
828
828
872
2540
1769
1616
52
2218
1
198
1979
1638
2143
828
2477
1224
1987
1888
2199
1616
1120
904
1616
1726
828
561
2503
199
1043
513
211
621
215
2302
698
459
905
1342
293
1351
51
2540
546
1638
986
842
1619
842
33
1
1355
798
842
1355
1602
621
2268
508
1501
842
823
2318
1342
1490
621
2307
1824
718
621
1157
447
2540
228
1360
753
2218
2534
1528
2188
316
303
1894
135
646
1361
1891
842
955
2475
1638
1187
1636
2360
1440
652
2165
1175
842
831
842
1590
12
2503
794
2012
1342
1251
646
94
621
1342
1063
1987
2296
1360
1756
1
828
828
2477
2540
1342
2475
2081
1747
1541
2188
373
565
544
267
1891
1558
220
2260
1355
215
1541
669
828
1786
988
1801
828
1245
1987
828
1147
1412
373
1148
2219
1888
1147
1753
621
1445
2157
621
374
239
828
904
155
2540
621
1445
621
1342
1843
621
2156
1638
1526
1345
1987
326
1632
1526
1468
1987
983
1732
2540
228
1360
2081
2174
940
1355
338
621
2534
1528
2201
817
1792
2540
2268
803
2220
2455
2540
2221
228
280
2165
1966
186
473
2176
621
1174
842
955
407
1669
2540
1670
1747
1638
803
842
2360
2421
167
568
1501
842
2422
1641
2540
736
971
1073
1
2327
828
980
1
794
2012
828
561
2165
188
473
1590
744
2540
2382
459
198
1987
842
2360
198
723
1638
2165
1148
668
753
1448
84
1245
1987
1360
2415
1592
585
621
2268
318
1891
904
1342
1514
1833
1987
457
1740
842
828
1608
1557
828
2477
2540
1638
1360
1756
2302
300
459
794
2012
627
1632
238
1342
1561
2540
30
842
1342
315
2527
1
2482
1440
1987
2268
1245
1477
84
561
957
664
1355
798
1987
2541
2165
1150
2043
473
828
1355
562
239
1360
1150
2018
828
1827
2540
828
945
1328
2277
1632
1959
684
1342
1115
1632
2019
1342
513
393
1987
2384
233
473
2423
421
2487
2540
904
1523
539
1888
1638
1861
2020
1445
1654
1501
828
1638
1440
2017
498
842
1635
1486
2540
228
2165
1992
2358
199
1641
473
1342
393
1975
1987
904
1342
1501
1125
2540
975
1043
1987
2165
1957
1800
2540
84
665
459
828
2165
1270
1987
200
2385
2540
1434
1987
1360
663
905
113
1922
2190
2540
608
621
198
375
1375
753
473
1592
795
1661
1075
316
621
608
2302
280
2209
459
1075
794
2012
566
621
2268
102
2514
798
592
646
1921
646
2268
2109
1662
2107
1987
967
912
828
1646
2190
1543
621
1541
318
2540
794
2012
621
1342
1473
828
1549
1987
1977
1987
1638
2014
677
1019
1987
1355
1025
1029
842
2536
2208
2540
1926
1508
675
1342
1082
621
31
84
1942
1911
967
2113
2502
621
1352
1143
2219
383
1987
2197
1541
1646
178
621
2358
2164
1819
2342
2468
842
1987
1355
2535
2192
1508
1484
2540
2545
1663
2540
828
2442
621
1541
291
673
828
687
1987
2330
621
2213
1355
1588
1987
1638
957
1194
1
1684
2183
2086
1638
2080
1733
2257
1360
1901
2218
2002
454
112
544
565
2542
2545
2081
794
2012
1891
1
1440
1987
885
1508
1184
1592
84
371
1
730
25
1
2199
2508
198
723
2540
1638
1148
842
2358
1342
2475
2236
2423
2025
621
2421
1825
1987
842
374
1413
2
2540
842
154
259
2540
842
1717
1762
593
2540
842
1717
2404
1902
2218
1888
2478
455
2268
1528
2404
1987
1638
1148
1718
1825
1987
606
1
454
459
1188
1591
2405
2081
794
2012
1865
2211
621
2422
2402
1891
940
2165
1508
602
1987
1508
654
1673
2035
842
2187
1987
842
2422
1833
621
1
1673
568
1501
1987
1867
2199
1987
1086
966
2405
459
1342
2339
1987
912
1514
1987
1342
2432
2540
828
324
1987
828
325
1819
2166
1440
1987
1076
2469
1448
1987
828
2382
2540
1826
621
1355
215
1638
2165
1966
1436
2233
828
1113
621
1355
2398
1984
1342
1534
1
1342
1971
621
1342
2475
1888
828
1069
2540
2407
828
1245
2422
1889
646
1463
2061
2540
1803
439
259
2540
2421
1740
2302
1631
2540
1605
459
2283
215
1819
904
1502
621
1131
2102
2490
454
1891
459
2331
1975
1342
393
2540
127
1342
2517
1638
1862
1876
1619
842
1342
286
473
2283
1488
2218
1718
1638
2165
1440
603
2540
1884
2540
174
2422
621
200
2190
2206
710
1523
1501
84
615
621
272
1638
1073
1895
1632
1440
1075
2218
828
2477
1638
1236
2422
346
2540
1977
828
2421
323
842
1342
286
1888
828
1718
1360
1255
820
828
2514
2540
2360
971
1440
2036
842
1725
1
2406
621
1638
2114
1355
421
621
1342
393
963
842
971
1425
20
1
1342
2475
2421
378
621
1970
2540
228
459
1425
2264
2268
2229
621
347
573
1662
419
2450
473
1440
561
19
621
482
794
2012
1987
956
842
111
1016
375
2540
1987
1360
2207
473
1614
2540
1987
828
2
905
2403
828
1740
348
2540
1355
2027
608
2540
828
2477
373
646
375
2540
473
971
603
1888
280
840
2268
716
2540
2141
1501
1440
1987
1501
1360
1020
904
828
1638
2492
212
316
1888
1750
1987
1638
2165
1867
1876
1366
842
249
112
2233
2037
1342
1697
621
313
354
1268
799
2165
576
1342
1125
1486
1987
2417
794
2012
842
214
316
2540
228
1021
710
1797
8
2268
2476
2540
1399
398
1342
561
15
1417
84
2477
2540
856
473
828
842
1342
315
2165
1216
621
2110
176
828
737
1638
1508
1381
1328
621
799
974
2436
316
1019
1987
1342
2534
543
1508
1715
2421
794
1987
1782
2007
828
561
2047
842
88
2534
2540
842
1926
646
1105
1249
828
2477
1987
2515
1
2268
1245
1
2283
1832
2540
1723
2183
2033
956
486
1555
2233
2129
1987
1167
1632
632
2540
1890
473
828
1987
2165
1382
2540
1328
2017
1186
1987
1360
1244
621
631
1987
828
1360
1713
828
794
1987
1360
1780
1638
952
2545
1526
621
1342
1130
1459
2534
2188
1549
2081
794
2012
2540
228
1709
750
1987
828
794
1987
1709
1191
1781
2540
621
2534
1389
1508
1143
2219
1714
912
1987
1472
842
198
723
1508
1145
621
213
316
2540
955
1641
842
1342
352
710
2536
375
2456
1355
215
2540
1472
459
2330
731
2165
589
1440
1987
2306
687
1747
1860
459
2165
623
1324
1888
2359
1355
573
1762
646
1608
305
1355
250
842
1926
621
1445
1524
459
955
1
359
621
1342
313
2540
621
1445
317
158
459
2545
2267
600
687
1
2183
1025
912
1298
828
2477
1987
459
955
731
904
2421
1856
2251
2540
2541
2331
115
265
621
1342
1007
621
1334
621
2268
1245
19
621
556
566
19
621
1685
2183
2033
2540
1888
2327
1987
2055
199
1641
718
621
2172
828
1253
2540
228
1360
753
1987
151
1616
22
842
1440
1987
682
2540
1780
2540
1987
2296
1947
904
1941
2540
1622
621
1445
317
2302
1922
459
828
1751
2540
459
2268
1097
1907
1582
2540
1987
828
175
842
1445
170
621
2268
1563
2165
1148
604
1
198
1234
825
156
1888
779
1762
646
1608
305
2283
250
2233
1987
1242
640
1445
1805
621
1466
1327
621
2093
